 # mass   0.511003971      MeV
 # Ekin    5000.00000      MeV
 # path   0.260199994      um
 # mean dE/dx    374.291534      eV/um
 # j   dE [eV]   dE*dE*dsig/ddE [eV*eV/cm]
 START
   1  1.79589844  1106.63306
   2  1.81545448  1131.19080
   3  1.83522356  1156.29919
   4  1.85520780  1181.96472
   5  1.87540972  1208.19971
   6  1.89583158  1235.01709
   7  1.91647589  1262.38110
   8  1.93734491  1290.33789
   9  1.95844126  1318.91418
  10  1.97976732  1348.12244
  11  2.00132561  1377.97241
  12  2.02311873  1408.40564
  13  2.04514909  1439.51050
  14  2.06741929  1471.30225
  15  2.08993196  1503.79578
  16  2.11268973  1537.29822
  17  2.13569546  1571.78076
  18  2.15895176  1607.03101
  19  2.18246126  1643.06567
  20  2.20622683  1679.65991
  21  2.23025107  1716.36865
  22  2.25453687  1778.91418
  23  2.27908707  1819.35657
  24  2.30390477  1860.38550
  25  2.32899261  1902.37939
  26  2.35435367  1945.23071
  27  2.37999082  1988.97485
  28  2.40590715  2033.69922
  29  2.43210578  2079.55273
  30  2.45858979  2126.42505
  31  2.48536205  2174.28955
  32  2.51242590  2223.21997
  33  2.53978443  2273.21143
  34  2.56744099  2324.29102
  35  2.59539866  2376.48120
  36  2.62366080  2428.37891
  37  2.65223050  2481.15601
  38  2.68111134  2535.06592
  39  2.71030664  2590.48364
  40  2.73982000  2647.61938
  41  2.76965475  2705.99048
  42  2.79981422  2765.64551
  43  2.83030224  2826.51440
  44  2.86112213  2888.68628
  45  2.89227772  2952.21558
  46  2.92377257  3015.80615
  47  2.95561028  3080.37817
  48  2.98779488  3146.39087
  49  3.02032995  3210.69971
  50  3.05321932  3274.74072
  51  3.08646679  3340.43481
  52  3.12007618  3399.91260
  53  3.15405154  3456.48047
  54  3.18839693  3515.60547
  55  3.22311640  3535.10132
  56  3.25821376  3539.66650
  57  3.29369330  3550.84668
  58  3.32955933  3476.05322
  59  3.36581588  3380.85669
  60  3.40246725  3295.33228
  61  3.43951774  3295.01074
  62  3.47697163  3281.60693
  63  3.51483345  3285.26440
  64  3.55310750  3334.41602
  65  3.59179831  3382.08472
  66  3.63091040  3435.42798
  67  3.67044854  3490.60107
  68  3.71041703  3544.56055
  69  3.75082088  3594.81689
  70  3.79166460  3645.00610
  71  3.83295321  3691.81812
  72  3.87469125  3737.87964
  73  3.91688395  3779.21948
  74  3.95953608  3813.70386
  75  4.00265265  3846.41528
  76  4.04623890  3845.32886
  77  4.09029961  3845.89722
  78  4.13484001  3768.61816
  79  4.17986536  3672.15112
  80  4.22538090  3535.59424
  81  4.27139235  3346.36865
  82  4.31790495  3165.65381
  83  4.36492395  2980.83740
  84  4.41245508  2784.46436
  85  4.46050358  2703.79297
  86  4.50907516  2604.92261
  87  4.55817556  2582.17407
  88  4.60781097  2552.23193
  89  4.65798664  2620.09131
  90  4.70870876  2697.98047
  91  4.75998306  2816.90283
  92  4.81181574  2949.06274
  93  4.86421299  3089.75781
  94  4.91718102  3243.99585
  95  4.97072554  3408.34155
  96  5.02485323  3582.92456
  97  5.07957029  3764.37695
  98  5.13488340  3935.57983
  99  5.19079876  4101.57178
 100  5.24732304  4198.75732
 101  5.30446243  4275.94189
 102  5.36222410  4268.05811
 103  5.42061472  4260.38330
 104  5.47964144  4257.80908
 105  5.53931093  4303.08398
 106  5.59962988  4376.15820
 107  5.66060591  4488.70410
 108  5.72224569  4603.11084
 109  5.78455687  4717.90332
 110  5.84754658  4819.07129
 111  5.91122198  4913.44629
 112  5.97559118  4998.71680
 113  6.04066133  5120.37842
 114  6.10644007  5271.01318
 115  6.17293501  5427.34961
 116  6.24015379  5594.49658
 117  6.30810452  5772.37549
 118  6.37679529  5958.47266
 119  6.44623423  6156.60254
 120  6.51642895  6366.47021
 121  6.58738804  6587.41260
 122  6.65912008  6824.41650
 123  6.73163319  7076.04541
 124  6.80493593  7345.02393
 125  6.87903690  7663.05176
 126  6.95394468  8005.07910
 127  7.02966833  8354.80371
 128  7.10621643  8695.44629
 129  7.18359804  9054.92969
 130  7.26182222  9241.58203
 131  7.34089851  9368.91406
 132  7.42083549  9518.60059
 133  7.50164318  9767.15332
 134  7.58333063  10017.1543
 135  7.66590786  10322.6748
 136  7.74938440  10652.1875
 137  7.83376980  11009.4053
 138  7.91907406  11408.8525
 139  8.00530720  11827.8193
 140  8.09247971  12256.4561
 141  8.18060112  12706.6455
 142  8.26968193  13153.0371
 143  8.35973263  13610.5361
 144  8.45076466  14145.9658
 145  8.54278755  14764.1562
 146  8.63581276  15417.2021
 147  8.72985077  16101.5488
 148  8.82491302  16802.2012
 149  8.92101002  17447.9062
 150  9.01815319  18160.4707
 151  9.11635494  19082.4941
 152  9.21562576  20043.0977
 153  9.31597710  20852.8809
 154  9.41742134  21745.7363
 155  9.51996994  22902.0762
 156  9.62363529  24134.5449
 157  9.72842979  25373.7852
 158  9.83436584  26704.1406
 159  9.94145489  28117.9023
 160  10.0497103  29660.7188
 161  10.1591444  31352.0625
 162  10.2697706  33265.6758
 163  10.3816013  35415.3984
 164  10.4946499  37625.8516
 165  10.6089296  40020.1797
 166  10.7244530  42538.4609
 167  10.8412342  45276.4609
 168  10.9592876  48215.3594
 169  11.0786266  51379.6875
 170  11.1992655  54836.9062
 171  11.3212175  58525.2070
 172  11.4444971  62568.1992
 173  11.5691195  66960.2969
 174  11.6950989  71724.9141
 175  11.8224506  76967.9609
 176  11.9511890  91581.7188
 177  12.0813293  98142.5781
 178  12.2128868  105229.859
 179  12.3458767  113088.711
 180  12.4803143  121689.062
 181  12.6162157  131057.953
 182  12.7535973  141513.438
 183  12.8924751  153082.922
 184  13.0328655  165813.703
 185  13.1747847  180028.188
 186  13.3182487  196056.641
 187  13.4632750  213911.500
 188  13.6098804  233837.734
 189  13.7580824  256730.500
 190  13.9078979  282979.219
 191  14.0593452  312747.844
 192  14.2124414  346356.812
 193  14.3672047  384403.719
 194  14.5236530  427396.031
 195  14.6818056  475697.125
 196  14.8416805  529912.625
 197  15.0032959  590666.750
 198  15.1666708  659359.938
 199  15.3318253  735639.062
 200  15.4987783  819402.000
 201  15.6675491  910075.812
 202  15.8381577  1006294.81
 203  16.0106239  1105635.38
 204  16.1849689  1204069.25
 205  16.3612118  1295864.38
 206  16.5393734  1375109.88
 207  16.7194748  1436016.88
 208  16.9015388  1474022.62
 209  17.0855846  1486726.50
 210  17.2716351  1474356.12
 211  17.4597111  1439603.00
 212  17.6498356  1386919.25
 213  17.8420296  1321547.75
 214  18.0363159  1248636.75
 215  18.2327194  1172614.88
 216  18.4312611  1096925.62
 217  18.6319637  1024030.12
 218  18.8348522  955567.938
 219  19.0399513  892620.750
 220  19.2472820  836059.125
 221  19.4568710  787273.750
 222  19.6687431  756210.188
 223  19.8829212  699357.875
 224  20.0994320  596972.875
 225  20.3183002  538163.875
 226  20.5395527  486156.031
 227  20.7632141  454724.188
 228  20.9893112  424236.000
 229  21.2178707  386707.906
 230  21.4489174  349234.469
 231  21.6824818  323490.094
 232  21.9185886  301249.375
 233  22.1572666  283415.750
 234  22.3985443  267922.000
 235  22.6424484  254167.656
 236  22.8890095  241664.969
 237  23.1382542  230490.859
 238  23.3902130  220374.875
 239  23.6449165  211264.531
 240  23.9023933  202908.250
 241  24.1626740  195394.031
 242  24.4257889  188377.406
 243  24.6917686  181995.969
 244  24.9606438  175850.250
 245  25.2324467  170323.453
 246  25.5072098  164923.609
 247  25.7849655  161043.531
 248  26.0657463  157280.562
 249  26.3495846  153944.688
 250  26.6365128  150859.562
 251  26.9265652  148054.453
 252  27.2197762  145497.203
 253  27.5161800  143037.969
 254  27.8158112  140997.719
 255  28.1187057  139055.875
 256  28.4248981  137276.641
 257  28.7344246  135657.375
 258  29.0473213  134108.156
 259  29.3636265  132699.547
 260  29.6833763  131351.000
 261  30.0066071  130051.102
 262  30.3333569  129044.750
 263  30.6636658  128029.992
 264  30.9975719  127006.289
 265  31.3351135  126148.219
 266  31.6763306  125283.805
 267  32.0212631  124419.508
 268  32.3699532  123663.250
 269  32.7224388  122899.547
 270  33.0787621  122159.586
 271  33.4389648  121523.047
 272  33.8030930  120880.117
 273  34.1711845  120276.570
 274  34.5432854  119719.766
 275  34.9194374  119157.414
 276  35.2996864  118640.117
 277  35.6840744  118130.555
 278  36.0726471  117632.250
 279  36.4654541  117201.109
 280  36.8625374  116765.398
 281  37.2639427  116338.656
 282  37.6697197  115913.555
 283  38.0799179  115483.305
 284  38.4945831  115047.469
 285  38.9137611  114604.797
 286  39.3375053  114234.375
 287  39.7658615  113879.516
 288  40.1988831  113518.898
 289  40.6366196  113151.625
 290  41.0791245  112783.727
 291  41.5264473  112434.641
 292  41.9786415  112079.555
 293  42.4357605  111726.445
 294  42.8978577  111367.227
 295  43.3649864  110993.523
 296  43.8372002  110609.547
 297  44.3145561  110247.031
 298  44.7971115  109892.062
 299  45.2849197  109543.227
 300  45.7780418  109196.734
 301  46.2765312  108850.172
 302  46.7804489  108501.516
 303  47.2898560  108152.180
 304  47.8048096  107800.258
 305  48.3253708  107437.500
 306  48.8516006  107064.719
 307  49.3835602  106697.484
 308  49.9213104  106326.828
 309  50.4649200  105955.086
 310  51.0144463  105576.109
 311  51.5699577  105206.984
 312  52.1315193  104833.344
 313  52.6991959  104465.953
 314  53.2730522  104101.867
 315  53.8531570  103743.125
 316  54.4395790  103386.500
 317  55.0323868  103025.352
 318  55.6316490  102676.773
 319  56.2374382  102313.828
 320  56.8498230  101933.312
 321  57.4688759  101543.453
 322  58.0946693  101147.430
 323  58.7272797  100761.992
 324  59.3667793  100386.242
 325  60.0132408  100015.680
 326  60.6667442  99643.9531
 327  61.3273621  99271.7031
 328  61.9951744  98899.5469
 329  62.6702576  98518.4844
 330  63.3526917  98138.0625
 331  64.0425568  97758.2891
 332  64.7399368  97378.7344
 333  65.4449081  97003.2578
 334  66.1575546  96629.1328
 335  66.8779602  96255.2891
 336  67.6062164  95882.9922
 337  68.3423996  95509.2031
 338  69.0866013  95133.8438
 339  69.8389053  94761.7969
 340  70.5994034  94390.9297
 341  71.3681793  94028.6484
 342  72.1453247  93674.0469
 343  72.9309387  93310.6250
 344  73.7251053  92954.1719
 345  74.5279160  92592.0781
 346  75.3394699  92236.5469
 347  76.1598663  91894.1641
 348  76.9891968  91544.7266
 349  77.8275528  91209.0391
 350  78.6750412  90867.3516
 351  79.5317535  90533.5547
 352  80.3977966  90204.3828
 353  81.2732697  89879.2969
 354  82.1582794  89568.2422
 355  83.0529251  89256.1875
 356  83.9573135  88946.0547
 357  84.8715515  88667.6250
 358  85.7957458  88424.1719
 359  86.7300034  88205.5625
 360  87.6744308  88044.9141
 361  88.6291428  88092.9219
 362  89.5942535  88713.7656
 363  90.5698700  89758.7266
 364  91.5561142  91158.7422
 365  92.5530930  93097.2500
 366  93.5609283  96017.4375
 367  94.5797424  100415.797
 368  95.6096497  107449.883
 369  96.6507721  116948.961
 370  97.7032318  128456.562
 371  98.7671509  147996.922
 372  99.8426590  173704.109
 373  100.929878  435819.344
 374  102.028931  399250.812
 375  103.139954  397394.594
 376  104.263077  394376.844
 377  105.398430  410148.906
 378  106.546143  441258.500
 379  107.706352  471757.688
 380  108.879196  499676.594
 381  110.064812  480272.500
 382  111.263336  573328.688
 383  112.474915  646153.000
 384  113.699684  685933.250
 385  114.937790  707911.125
 386  116.189384  722962.125
 387  117.454605  732044.312
 388  118.733604  738499.062
 389  120.026527  742809.188
 390  121.333534  746351.312
 391  122.654770  750211.312
 392  123.990395  754410.500
 393  125.340561  759008.000
 394  126.705429  763696.500
 395  128.085159  768556.750
 396  129.479919  774498.188
 397  130.889862  780781.250
 398  132.315155  787274.938
 399  133.755966  793868.812
 400  135.212479  800056.562
 401  136.684845  805445.812
 402  138.173248  810025.875
 403  139.677856  814734.188
 404  141.198853  819555.562
 405  142.736404  824456.938
 406  144.290695  831034.375
 407  145.861923  844699.625
 408  147.450256  859258.812
 409  149.055878  881739.312
 410  150.678986  901166.750
 411  152.319778  910103.875
 412  153.978439  918673.812
 413  155.655151  925319.062
 414  157.350128  929042.625
 415  159.063553  928885.312
 416  160.795639  927787.438
 417  162.546585  926510.375
 418  164.316605  924482.625
 419  166.105896  921958.875
 420  167.914673  918896.375
 421  169.743149  915040.250
 422  171.591537  912262.188
 423  173.460052  909107.062
 424  175.348907  905532.875
 425  177.258331  902798.688
 426  179.188553  899324.062
 427  181.139786  896099.375
 428  183.112274  892909.562
 429  185.106232  889088.438
 430  187.121902  886136.375
 431  189.159531  882479.688
 432  191.219345  878327.312
 433  193.301590  873465.562
 434  195.406509  868164.750
 435  197.534348  863628.938
 436  199.685364  858278.688
 437  201.859802  853718.688
 438  204.057907  848711.000
 439  206.279953  843954.625
 440  208.526199  839202.562
 441  210.796906  835999.438
 442  213.092331  836496.000
 443  215.412750  836542.438
 444  217.758438  836140.062
 445  220.129669  835269.438
 446  222.526718  834300.562
 447  224.949875  832832.500
 448  227.399414  831830.625
 449  229.875626  830363.250
 450  232.378815  829218.000
 451  234.909256  827606.500
 452  237.467255  826397.688
 453  240.053101  824804.500
 454  242.667114  823535.312
 455  245.309586  821801.000
 456  247.980835  819739.625
 457  250.681168  817433.250
 458  253.410904  815370.062
 459  256.170380  813219.812
 460  258.959900  811084.000
 461  261.779785  808834.750
 462  264.630371  806382.938
 463  267.511993  804212.875
 464  270.425018  801820.062
 465  273.369751  799617.938
 466  276.346558  797260.625
 467  279.355774  794894.438
 468  282.397766  792681.062
 469  285.472870  790279.312
 470  288.581482  787906.625
 471  291.723938  785450.750
 472  294.900604  782858.750
 473  298.111877  780423.438
 474  301.358093  775861.750
 475  304.639679  768390.188
 476  307.957001  761411.125
 477  311.310425  754232.500
 478  314.700378  746843.438
 479  318.127228  739569.938
 480  321.591400  732233.250
 481  325.093292  724898.188
 482  328.633331  717946.688
 483  332.211914  710991.438
 484  335.829468  704046.000
 485  339.486420  697268.500
 486  343.183197  690674.375
 487  346.920227  684096.688
 488  350.697937  677552.875
 489  354.516785  671152.312
 490  358.377228  664794.312
 491  362.279694  658456.062
 492  366.224670  652168.188
 493  370.212585  645929.688
 494  374.243927  639894.938
 495  378.319183  633950.938
 496  382.438812  627911.875
 497  386.603302  621823.438
 498  390.813141  615802.125
 499  395.068817  609861.938
 500  399.370850  604098.625
 501  403.719727  598411.125
 502  408.115936  592796.062
 503  412.560028  587244.812
 504  417.052521  581766.062
 505  421.593933  576351.000
 506  426.184784  570960.750
 507  430.825623  565614.188
 508  435.516998  560338.688
 509  440.259460  555139.688
 510  445.053589  550010.438
 511  449.899902  544901.375
 512  454.798981  539725.062
 513  459.751434  534623.250
 514  464.757812  529593.188
 515  469.818695  524637.250
 516  474.934692  519751.969
 517  480.106384  514952.375
 518  485.334412  510230.250
 519  490.619354  505568.781
 520  495.961853  500922.688
 521  501.362518  496334.469
 522  506.821991  491813.312
 523  512.340942  487352.094
 524  517.919983  482890.125
 525  523.559753  478420.688
 526  529.260925  473991.594
 527  535.024231  469617.750
 528  540.850281  465346.750
 529  546.739746  461142.219
 530  552.693359  456995.188
 531  558.711792  452884.688
 532  564.795776  448769.531
 533  570.945984  444735.656
 534  577.163208  440774.594
 535  583.448120  436854.688
 536  589.801453  432970.188
 537  596.223999  429177.906
 538  602.716431  425490.625
 539  609.279602  421751.375
 540  615.914246  418177.188
 541  622.621094  414563.250
 542  629.401001  410985.250
 543  636.254761  407567.438
 544  643.183105  404124.094
 545  650.186890  400667.625
 546  657.266968  397311.312
 547  664.424133  393943.062
 548  671.659241  390563.438
 549  678.973145  387250.469
 550  686.366699  384058.531
 551  693.840759  380857.688
 552  701.396179  377650.812
 553  709.033875  374491.406
 554  716.754761  371431.281
 555  724.559692  368385.625
 556  732.449646  365357.906
 557  740.425476  362377.094
 558  748.488159  359482.375
 559  756.638672  356628.375
 560  764.877930  353806.094
 561  773.206909  351021.969
 562  781.626587  348261.312
 563  790.137939  345530.375
 564  798.742004  342854.625
 565  807.439758  340211.344
 566  816.232178  337593.562
 567  825.120361  335001.781
 568  834.105347  332423.812
 569  843.188171  329859.625
 570  852.369873  327317.656
 571  861.651550  324842.562
 572  871.034302  322429.156
 573  880.519226  320052.844
 574  890.107483  317693.625
 575  899.800110  315375.531
 576  909.598267  313074.031
 577  919.503174  310801.969
 578  929.515930  308565.094
 579  939.637695  306375.844
 580  949.869690  304195.750
 581  960.213074  302052.312
 582  970.669128  299932.594
 583  981.239014  297810.688
 584  991.924011  295719.406
 585  1002.72534  293706.438
 586  1013.64429  291715.000
 587  1024.68213  289744.656
 588  1035.84021  287797.312
 589  1047.11975  285870.438
 590  1058.52209  283953.000
 591  1070.04871  282092.625
 592  1081.70081  280257.062
 593  1093.47974  278448.969
 594  1105.38696  276647.688
 595  1117.42383  274860.969
 596  1129.59180  273091.500
 597  1141.89221  271388.531
 598  1154.32666  269718.250
 599  1166.89648  268047.688
 600  1179.60315  266387.781
 601  1192.44824  264759.375
 602  1205.43311  263171.562
 603  1218.55945  261593.422
 604  1231.82874  260037.312
 605  1245.24243  258489.578
 606  1258.80225  256954.062
 607  1272.50977  255461.297
 608  1286.36646  254003.219
 609  1300.37402  252545.938
 610  1314.53418  251125.844
 611  1328.84851  249704.156
 612  1343.31873  248312.406
 613  1357.94653  246954.266
 614  1372.73364  245600.203
 615  1387.68176  244257.922
 616  1402.79260  242936.188
 617  1418.06799  241648.859
 618  1433.50977  240383.438
 619  1449.11963  239117.781
 620  1464.89954  237883.953
 621  1480.85120  236673.391
 622  1496.97656  235481.094
 623  1513.27759  234309.109
 624  1529.75610  233143.984
 625  1546.41406  231994.766
 626  1563.25342  230853.641
 627  1580.27612  229718.391
 628  1597.48425  228603.438
 629  1614.87976  227530.297
 630  1632.46460  226490.891
 631  1650.24097  225465.578
 632  1668.21094  224455.000
 633  1686.37659  223457.047
 634  1704.73999  222473.375
 635  1723.30334  221500.438
 636  1742.06885  220560.359
 637  1761.03870  219679.531
 638  1780.21521  218833.156
 639  1799.60046  218076.750
 640  1819.19678  217531.469
 641  1839.00659  675249.875
 642  1859.03210  654649.875
 643  1879.27563  644518.188
 644  1899.73962  635732.188
 645  1920.42639  627818.938
 646  1941.33850  620201.625
 647  1962.47827  612864.438
 648  1983.84827  605777.938
 649  2005.45093  598951.312
 650  2027.28882  592215.688
 651  2049.36450  585722.125
 652  2071.68066  579244.312
 653  2094.23975  572982.875
 654  2117.04443  566836.250
 655  2140.09766  560750.438
 656  2163.40186  554944.438
 657  2186.95972  549083.562
 658  2210.77417  543279.062
 659  2234.84790  537741.812
 660  2259.18384  532114.500
 661  2283.78467  526596.562
 662  2308.65356  521652.156
 663  2333.79321  516503.375
 664  2359.20654  511428.094
 665  2384.89673  506422.938
 666  2410.86646  501608.500
 667  2437.11914  496741.219
 668  2463.65771  491952.750
 669  2490.48511  487173.750
 670  2517.60474  482538.719
 671  2545.01978  477840.844
 672  2572.73315  473371.250
 673  2600.74829  468740.969
 674  2629.06860  464461.688
 675  2657.69727  460028.250
 676  2686.63770  455766.656
 677  2715.89331  451513.594
 678  2745.46753  447275.781
 679  2775.36377  443226.906
 680  2805.58545  439089.062
 681  2836.13623  435117.625
 682  2867.01978  431186.531
 683  2898.23950  427219.688
 684  2929.79932  423451.438
 685  2961.70264  419632.750
 686  2993.95337  415873.250
 687  3026.55542  412225.844
 688  3059.51245  408550.781
 689  3092.82837  404937.844
 690  3126.50708  401466.781
 691  3160.55249  397953.531
 692  3194.96875  394519.375
 693  3229.75977  391180.688
 694  3264.92944  387822.000
 695  3300.48218  384474.125
 696  3336.42212  381274.812
 697  3372.75342  378067.750
 698  3409.48022  374920.031
 699  3446.60693  371813.344
 700  3484.13794  368807.562
 701  3522.07764  365801.219
 702  3560.43066  362799.219
 703  3599.20117  359872.594
 704  3638.39404  357008.219
 705  3678.01367  354185.719
 706  3718.06470  351399.219
 707  3758.55176  348645.594
 708  3799.47974  345889.125
 709  3840.85327  343256.062
 710  3882.67749  340612.750
 711  3924.95703  338025.438
 712  3967.69702  335466.250
 713  4010.90234  332945.000
 714  4054.57812  330439.375
 715  4098.72949  327997.000
 716  4143.36182  325609.344
 717  4188.47998  323213.625
 718  4234.08936  320896.219
 719  4280.19580  318635.906
 720  4326.80420  316367.219
 721  4373.91992  314133.156
 722  4421.54883  311933.750
 723  4469.69629  309768.562
 724  4518.36816  307638.562
 725  4567.56982  305524.688
 726  4617.30762  303465.062
 727  4667.58691  301416.750
 728  4718.41357  299400.375
 729  4769.79395  297444.625
 730  4821.73340  295565.531
 731  4874.23877  293614.094
 732  4927.31592  291739.281
 733  4980.97070  289854.438
 734  5035.20996  288040.969
 735  5090.04004  286234.281
 736  5145.46680  284432.594
 737  5201.49707  282682.375
 738  5258.13770  280945.219
 739  5315.39502  279255.250
 740  5373.27588  277568.125
 741  5431.78711  275882.844
 742  5490.93555  274264.562
 743  5550.72803  272626.000
 744  5611.17139  271070.562
 745  5672.27295  269525.906
 746  5734.04004  268023.719
 747  5796.47949  266512.906
 748  5859.59912  265047.062
 749  5923.40576  263604.844
 750  5987.90723  262180.844
 751  6053.11133  260770.250
 752  6119.02539  259397.359
 753  6185.65723  258018.562
 754  6253.01465  256685.125
 755  6321.10547  255399.031
 756  6389.93799  254108.969
 757  6459.52002  252841.094
 758  6529.85938  251595.219
 759  6600.96484  250363.094
 760  6672.84473  249181.203
 761  6745.50732  247966.594
 762  6818.96094  246798.750
 763  6893.21436  245622.469
 764  6968.27637  244524.828
 765  7044.15576  243402.938
 766  7120.86182  242303.750
 767  7198.40283  241240.375
 768  7276.78857  240172.500
 769  7356.02783  239123.750
 770  7436.12988  238118.250
 771  7517.10400  237106.062
 772  7598.95996  236129.641
 773  7681.70703  235163.766
 774  7765.35547  234212.953
 775  7849.91455  233277.438
 776  7935.39453  232340.625
 777  8021.80518  231441.672
 778  8109.15674  230535.391
 779  8197.45996  229667.734
 780  8286.72461  228818.391
 781  8376.96094  227983.906
 782  8468.17969  227141.750
 783  8560.39258  226314.172
 784  8653.60938  225524.312
 785  8747.84082  224721.953
 786  8843.09863  223962.656
 787  8939.39355  223194.188
 788  9036.73730  222440.078
 789  9135.14062  221676.672
 790  9234.61621  220971.859
 791  9335.17480  220257.984
 792  9436.82812  219556.969
 793  9539.58887  218868.734
 794  9643.46777  218193.266
 795  9748.47852  217529.828
 796  9854.63281  216856.562
 797  9961.94238  216218.031
 798  10070.4209  215591.312
 799  10180.0811  214975.969
 800  10290.9346  214348.875
 801  10402.9951  213755.844
 802  10516.2764  213170.781
 803  10630.7910  212577.109
 804  10746.5527  212016.312
 805  10863.5752  211444.359
 806  10981.8721  210905.172
 807  11101.4570  210352.406
 808  11222.3438  209833.719
 809  11344.5469  209300.859
 810  11468.0811  208801.375
 811  11592.9600  208264.766
 812  11719.1992  207783.734
 813  11846.8135  207288.641
 814  11975.8164  206825.844
 815  12106.2246  206325.688
 816  12238.0527  205880.031
 817  12371.3164  205420.156
 818  12506.0312  204991.219
 819  12642.2129  204522.047
 820  12779.8779  204086.938
 821  12919.0420  203659.688
 822  13059.7217  203240.094
 823  13201.9326  202850.797
 824  13345.6924  202423.797
 825  13491.0176  202026.812
 826  13637.9248  201637.344
 827  13786.4326  201254.891
 828  13936.5566  200902.359
 829  14088.3154  200510.734
 830  14241.7275  200126.578
 831  14396.8096  199793.625
 832  14553.5811  199445.141
 833  14712.0596  199080.484
 834  14872.2637  198744.859
 835  15034.2119  198415.156
 836  15197.9238  198089.266
 837  15363.4180  197749.188
 838  15530.7148  197437.625
 839  15699.8330  197131.672
 840  15870.7930  196831.844
 841  16043.6143  196514.703
 842  16218.3174  196248.625
 843  16394.9238  195941.922
 844  16573.4531  195641.031
 845  16753.9258  195345.469
 846  16936.3633  195099.672
 847  17120.7891  194814.094
 848  17307.2227  194556.219
 849  17495.6855  194280.453
 850  17686.2012  194031.875
 851  17878.7910  193788.125
 852  18073.4785  193524.656
 853  18270.2852  193267.703
 854  18469.2363  193037.281
 855  18670.3535  192811.281
 856  18873.6602  192567.297
 857  19079.1816  192350.031
 858  19286.9395  192114.297
 859  19496.9609  191882.812
 860  19709.2695  191677.375
 861  19923.8887  191476.188
 862  20140.8457  191256.047
 863  20360.1660  191040.172
 864  20581.8730  187187.500
 865  20805.9941  190624.109
 866  21032.5566  190419.766
 867  21261.5859  190240.766
 868  21493.1094  190043.484
 869  21727.1543  189870.609
 870  21963.7480  189679.938
 871  22202.9180  189492.766
 872  22444.6914  189330.562
 873  22689.0977  189172.156
 874  22936.1660  188994.219
 875  23185.9238  188819.344
 876  23438.4023  188647.578
 877  23693.6309  188479.000
 878  23951.6387  188313.609
 879  24212.4551  188150.875
 880  24476.1113  188011.953
 881  24742.6387  187876.172
 882  25012.0684  187721.500
 883  25284.4316  187569.391
 884  25559.7617  187420.234
 885  25838.0898  187294.719
 886  26119.4492  187149.438
 887  26403.8711  187007.594
 888  26691.3906  186868.344
 889  26982.0410  186752.734
 890  27275.8555  186617.891
 891  27572.8711  186485.312
 892  27873.1211  186355.234
 893  28176.6387  186248.469
 894  28483.4629  186122.578
 895  28793.6270  185998.844
 896  29107.1699  185899.062
 897  29424.1270  185779.094
 898  29744.5352  185661.234
 899  30068.4316  185545.438
 900  30395.8555  184162.281
 901  30726.8457  184074.938
 902  31061.4395  183989.391
 903  31399.6758  183905.297
 904  31741.5957  183822.656
 905  32087.2383  183741.422
 906  32436.6465  183680.969
 907  32789.8594  183602.078
 908  33146.9180  183524.547
 909  33507.8633  183468.891
 910  33872.7383  183393.547
 911  34241.5898  183319.266
 912  34614.4570  183246.547
 913  34991.3828  183174.828
 914  35372.4141  183104.375
 915  35757.5938  183035.156
 916  36146.9688  182987.625
 917  36540.5820  182920.109
 918  36938.4844  182853.781
 919  37340.7188  182788.625
 920  37747.3320  182724.391
 921  38158.3750  182661.562
 922  38573.8945  182599.328
 923  38993.9375  182538.234
 924  39418.5547  182498.344
 925  39847.7930  182438.969
 926  40281.7070  182380.438
 927  40720.3477  182322.969
 928  41163.7617  182266.297
 929  41612.0078  182232.438
 930  42065.1328  182177.109
 931  42523.1914  182122.781
 932  42986.2383  182069.219
 933  43454.3281  182016.672
 934  43927.5156  181964.859
 935  44405.8555  181913.766
 936  44889.4023  181863.641
 937  45378.2148  181814.203
 938  45872.3516  181765.734
 939  46371.8672  181717.938
 940  46876.8242  181670.094
 941  47387.2812  181623.641
 942  47903.2969  181578.078
 943  48424.9297  181533.172
 944  48952.2422  181489.141
 945  49485.2969  181445.484
 946  50024.1562  181402.688
 947  50568.8828  181360.500
 948  51119.5430  181319.172
 949  51676.1992  181278.172
 950  52238.9180  181238.000
 951  52807.7617  181198.391
 952  53382.8008  181159.359
 953  53964.1016  181121.141
 954  54551.7305  181098.922
 955  55145.7617  181061.438
 956  55746.2617  181024.234
 957  56353.3008  180987.844
 958  56966.9492  180951.969
 959  57587.2773  180916.609
 960  58214.3633  180881.766
 961  58848.2773  180847.438
 962  59489.0938  180813.609
 963  60136.8867  180797.625
 964  60791.7344  180764.406
 965  61453.7148  180731.688
 966  62122.9023  180699.688
 967  62799.3750  180667.938
 968  63483.2148  180636.641
 969  64174.5039  180605.844
 970  64873.3203  180575.484
 971  65579.7422  180545.609
 972  66293.8594  180516.172
 973  67015.7500  180487.188
 974  67745.5078  180458.406
 975  68483.2109  180430.328
 976  69228.9453  180402.672
 977  69982.7969  180375.203
 978  70744.8594  180348.141
 979  71515.2188  180321.531
 980  72293.9688  180295.328
 981  73081.1953  180269.531
 982  73877.0000  180244.172
 983  74681.4688  180219.203
 984  75494.6953  180194.406
 985  76316.7812  180169.984
 986  77147.8203  180145.969
 987  77987.9062  180122.344
 988  78837.1406  180098.859
 989  79695.6250  180075.766
 990  80563.4531  180071.562
 991  81440.7344  180048.828
 992  82327.5625  180026.469
 993  83224.0547  180004.234
 994  84130.3047  179982.391
 995  85046.4219  179960.922
 996  85972.5156  179939.578
 997  86908.6953  179918.594
 998  87855.0703  179897.984
 999  88811.7500  179877.484
1000  89778.8438  179857.594
1001  90756.4688  179837.578
1002  91744.7422  179818.156
1003  92743.7812  179798.859
1004  93753.6953  179779.875
1005  94774.6094  179761.266
1006  95806.6406  179742.750
1007  96849.9062  179724.328
1008  97904.5312  179706.516
1009  98970.6406  179688.766
1010  100048.359  179671.109
1011  101137.812  179654.062
1012  102239.133  179636.812
1013  103352.445  179620.172
1014  104477.883  179603.594
1015  105615.570  179587.109
1016  106765.648  179570.938
1017  107928.250  179555.109
1018  109103.516  179539.328
1019  110291.578  179523.875
1020  111492.578  179508.766
1021  112706.656  179493.438
1022  113933.953  179478.703
1023  115174.609  179464.016
1024  116428.781  179449.391
1025  117696.609  179435.094
1026  118978.242  179421.094
1027  120273.828  179407.156
1028  121583.523  179393.281
1029  122907.484  179379.688
1030  124245.859  179366.422
1031  125598.812  179353.203
1032  126966.492  179340.047
1033  128349.070  179327.172
1034  129746.703  179314.609
1035  131159.547  179301.828
1036  132587.781  179289.609
1037  134031.562  179277.438
1038  135491.078  179265.312
1039  136966.484  179253.219
1040  138457.953  179241.672
1041  139965.656  179229.922
1042  141489.781  179218.453
1043  143030.500  179207.031
1044  144588.000  179195.906
1045  146162.453  179184.812
1046  147754.062  179174.000
1047  149363.000  179163.219
1048  150989.453  179152.734
1049  152633.625  179142.031
1050  154295.703  179131.859
1051  155975.875  179121.469
1052  157674.344  179111.375
1053  159391.312  179101.547
1054  161126.969  179091.500
1055  162881.531  179081.984
1056  164655.203  179072.266
1057  166448.188  179062.797
1058  168260.688  179053.359
1059  170092.922  179044.203
1060  171945.109  179035.094
1061  173817.469  179025.984
1062  175710.219  179016.922
1063  177623.578  179008.109
1064  179557.766  178999.594
1065  181513.016  179049.031
1066  183489.562  179039.469
1067  185487.641  179030.203
1068  187507.469  179020.688
1069  189549.297  179011.500
1070  191613.359  179002.344
1071  193699.891  178993.484
1072  195809.141  178984.656
1073  197941.359  178975.844
1074  200096.797  178967.094
1075  202275.703  178958.625
1076  204478.344  178950.188
1077  206704.969  178942.031
1078  208955.844  178933.656
1079  211231.219  178925.578
1080  213531.375  178917.531
1081  215856.578  178909.750
1082  218207.109  178902.016
1083  220583.234  178894.297
1084  222985.234  178886.625
1085  225413.391  178878.969
1086  227867.984  178871.594
1087  230349.312  178864.250
1088  232857.656  178857.172
1089  235393.312  178849.891
1090  237956.578  178842.875
1091  240547.750  178835.875
1092  243167.141  178829.156
1093  245815.062  178822.219
1094  248491.812  178815.547
1095  251197.719  178808.906
1096  253933.078  178802.531
1097  256698.234  178795.938
1098  259493.500  178789.625
1099  262319.188  178783.312
1100  265175.656  178777.031
1101  268063.219  178771.016
1102  270982.250  178764.766
1103  273933.062  178758.812
1104  276916.000  178752.844
1105  279931.406  178747.172
1106  282979.656  178741.250
1107  286061.094  178735.609
1108  289176.094  178729.969
1109  292325.031  178724.359
1110  295508.250  178719.016
1111  298726.125  178713.438
1112  301979.031  178708.125
1113  305267.375  178702.844
1114  308591.531  178697.562
1115  311951.875  178692.562
1116  315348.812  178687.297
1117  318782.750  178682.328
1118  322254.062  178677.344
1119  325763.188  178672.406
1120  329310.531  178667.453
1121  332896.500  178662.781
1122  336521.500  178658.125
1123  340185.969  178653.234
1124  343890.344  178648.594
1125  347635.062  178643.969
1126  351420.562  178639.609
1127  355247.281  178635.016
1128  359115.688  178630.672
1129  363026.188  178626.344
1130  366979.281  178622.031
1131  370975.438  178617.719
1132  375015.094  178613.688
1133  379098.750  178609.406
1134  383226.875  178605.391
1135  387399.938  178601.375
1136  391618.438  178597.125
1137  395882.875  178593.391
1138  400193.750  178589.406
1139  404551.562  178585.438
1140  408956.844  178581.719
1141  413410.094  178578.016
1142  417911.844  178574.078
1143  422462.594  178570.391
1144  427062.906  178566.969
1145  431713.312  178563.297
1146  436414.375  178559.641
1147  441166.625  178556.234
1148  445970.625  178552.594
1149  450826.938  178549.203
1150  455736.125  178545.828
1151  460698.781  178542.453
1152  465715.469  178539.344
1153  470786.781  178536.000
1154  475913.312  178532.641
1155  481095.656  178529.547
1156  486334.438  178526.469
1157  491630.281  178523.141
1158  496983.781  178520.047
1159  502395.594  178517.234
1160  507866.312  178514.188
1161  513396.625  178511.125
1162  518987.156  178508.062
1163  524638.562  178505.281
1164  530351.500  178502.500
1165  536126.625  178499.453
1166  541964.688  178496.703
1167  547866.312  178493.922
1168  553832.188  178491.156
1169  559863.000  178488.641
1170  565959.500  178485.891
1171  572122.375  178483.141
1172  578352.375  178480.641
1173  584650.250  178477.891
1174  591016.688  178475.422
1175  597452.438  178472.938
1176  603958.250  178470.469
1177  610534.938  178468.000
1178  617183.250  178465.516
1179  623903.938  178463.062
1180  630697.812  178460.594
1181  637565.688  178458.391
1182  644508.312  178455.938
1183  651526.562  178453.750
1184  658621.250  178451.297
1185  665793.188  178449.094
1186  673043.188  178446.922
1187  680372.125  178444.734
1188  687780.875  178442.547
1189  695270.312  178440.375
1190  702841.312  178438.203
1191  710494.750  178436.281
1192  718231.562  178434.109
1193  726052.625  178431.953
1194  733958.812  178430.016
1195  741951.125  178428.125
1196  750030.438  178425.969
1197  758197.750  178424.062
1198  766454.000  178422.156
1199  774800.125  178420.266
1200  783237.125  178418.391
1201  791766.000  178416.484
1202  800387.750  178414.594
1203  809103.375  178412.719
1204  817913.938  178411.078
1205  826820.438  178409.203
1206  835823.938  178407.328
1207  844925.438  178405.703
1208  854126.062  178403.828
1209  863426.875  178402.203
1210  872829.000  178400.594
1211  882333.500  178398.719
1212  891941.500  178397.094
1213  901654.125  178395.500
1214  911472.500  178393.875
1215  921397.812  178392.266
1216  931431.188  178390.672
1217  941573.812  178389.312
1218  951826.875  178387.719
1219  962191.625  178386.109
1220  972669.188  178384.766
1221  983260.875  178383.156
1222  993967.875  178381.578
1223  1004791.50  178380.234
1224  1015732.94  178378.891
1225  1026793.56  178377.297
1226  1037974.62  178375.953
1227  1049277.38  178374.625
1228  1060703.25  178373.281
1229  1072253.50  178371.703
1230  1083929.62  178370.375
1231  1095732.88  178369.047
1232  1107664.62  178367.719
1233  1119726.25  178366.641
1234  1131919.25  178365.312
1235  1144245.00  178363.984
1236  1156705.00  178362.672
1237  1169300.75  178361.359
1238  1182033.62  178360.281
1239  1194905.12  178358.953
1240  1207916.75  178357.891
1241  1221070.12  178356.625
1242  1234366.75  178355.562
1243  1247808.12  178354.266
1244  1261395.88  178353.188
1245  1275131.62  178352.141
1246  1289016.88  178350.812
1247  1303053.38  178349.750
1248  1317242.75  178348.703
1249  1331586.62  178347.625
1250  1346086.62  178346.578
 1251  1.36074e+06  178347
 1252  1.37556e+06  178347
 1253  1.39054e+06  178347
 1254  1.40568e+06  178347
 1255  1.42099e+06  178347
 1256  1.43646e+06  178347
 1257  1.45211e+06  178347
 1258  1.46792e+06  178347
 1259  1.4839e+06  178347
 1260  1.50006e+06  178347
 1261  1.5164e+06  178347
 1262  1.53291e+06  178347
 1263  1.5496e+06  178347
 1264  1.56647e+06  178347
 1265  1.58353e+06  178347
 1266  1.60078e+06  178347
 1267  1.61821e+06  178347
 1268  1.63583e+06  178347
 1269  1.65364e+06  178347
 1270  1.67165e+06  178347
 1271  1.68985e+06  178347
 1272  1.70825e+06  178347
 1273  1.72685e+06  178347
 1274  1.74566e+06  178347
 1275  1.76467e+06  178347
 1276  1.78388e+06  178347
 1277  1.80331e+06  178347
 1278  1.82294e+06  178347
 1279  1.84279e+06  178347
 1280  1.86286e+06  178347
 1281  1.88315e+06  178347
 1282  1.90365e+06  178347
 1283  1.92438e+06  178347
 1284  1.94534e+06  178347
 1285  1.96652e+06  178347
 1286  1.98793e+06  178347
 1287  2.00958e+06  178347
 1288  2.03146e+06  178347
 1289  2.05359e+06  178347
 1290  2.07595e+06  178347
 1291  2.09855e+06  178347
 1292  2.1214e+06  178347
 1293  2.14451e+06  178347
 1294  2.16786e+06  178347
 1295  2.19146e+06  178347
 1296  2.21533e+06  178347
 1297  2.23945e+06  178347
 1298  2.26384e+06  178347
 1299  2.28849e+06  178347
 1300  2.31341e+06  178347
 1301  2.3386e+06  178347
 1302  2.36407e+06  178347
 1303  2.38981e+06  178347
 1304  2.41583e+06  178347
 1305  2.44214e+06  178347
 1306  2.46873e+06  178347
 1307  2.49561e+06  178347
 1308  2.52279e+06  178347
 1309  2.55026e+06  178347
 1310  2.57803e+06  178347
 1311  2.6061e+06  178347
 1312  2.63448e+06  178347
 1313  2.66317e+06  178347
 1314  2.69217e+06  178347
 1315  2.72149e+06  178347
 1316  2.75112e+06  178347
 1317  2.78108e+06  178347
 1318  2.81136e+06  178347
 1319  2.84198e+06  178347
 1320  2.87292e+06  178347
 1321  2.90421e+06  178347
 1322  2.93583e+06  178347
 1323  2.9678e+06  178347
 1324  3.00012e+06  178347
 1325  3.03279e+06  178347
 1326  3.06581e+06  178347
 1327  3.0992e+06  178347
 1328  3.13294e+06  178347
 1329  3.16706e+06  178347
 1330  3.20155e+06  178347
 1331  3.23641e+06  178347
 1332  3.27165e+06  178347
 1333  3.30728e+06  178347
 1334  3.34329e+06  178347
 1335  3.3797e+06  178347
 1336  3.4165e+06  178347
 1337  3.4537e+06  178347
 1338  3.49131e+06  178347
 1339  3.52933e+06  178347
 1340  3.56776e+06  178347
 1341  3.60661e+06  178347
 1342  3.64588e+06  178347
 1343  3.68558e+06  178347
 1344  3.72572e+06  178347
 1345  3.76629e+06  178347
 1346  3.8073e+06  178347
 1347  3.84876e+06  178347
 1348  3.89067e+06  178347
 1349  3.93304e+06  178347
 1350  3.97586e+06  178347
 1351  4.01916e+06  178347
 1352  4.06292e+06  178347
 1353  4.10717e+06  178347
 1354  4.15189e+06  178347
 1355  4.1971e+06  178347
 1356  4.2428e+06  178347
 1357  4.28901e+06  178347
 1358  4.33571e+06  178347
 1359  4.38292e+06  178347
 1360  4.43065e+06  178347
 1361  4.4789e+06  178347
 1362  4.52767e+06  178347
 1363  4.57697e+06  178347
 1364  4.62681e+06  178347
 1365  4.67719e+06  178347
 1366  4.72812e+06  178347
 1367  4.77961e+06  178347
 1368  4.83166e+06  178347
 1369  4.88427e+06  178347
 1370  4.93746e+06  178347
 1371  4.99122e+06  178347
 1372  5.04557e+06  178347
 1373  5.10051e+06  178347
 1374  5.15605e+06  178347
 1375  5.2122e+06  178347
 1376  5.26896e+06  178347
 1377  5.32633e+06  178347
 1378  5.38433e+06  178347
 1379  5.44296e+06  178347
 1380  5.50223e+06  178347
 1381  5.56215e+06  178347
 1382  5.62272e+06  178347
 1383  5.68394e+06  178347
 1384  5.74584e+06  178347
 1385  5.80841e+06  178347
 1386  5.87166e+06  178347
 1387  5.93559e+06  178347
 1388  6.00023e+06  178347
 1389  6.06557e+06  178347
 1390  6.13161e+06  178347
 1391  6.19838e+06  178347
 1392  6.26588e+06  178347
 1393  6.33411e+06  178347
 1394  6.40308e+06  178347
 1395  6.47281e+06  178347
 1396  6.54329e+06  178347
 1397  6.61454e+06  178347
 1398  6.68657e+06  178347
 1399  6.75938e+06  178347
 1400  6.83299e+06  178347
 1401  6.9074e+06  178347
 1402  6.98261e+06  178347
 1403  7.05865e+06  178347
 1404  7.13551e+06  178347
 1405  7.21321e+06  178347
 1406  7.29176e+06  178347
 1407  7.37116e+06  178347
 1408  7.45143e+06  178347
 1409  7.53257e+06  178347
 1410  7.61459e+06  178347
 1411  7.69751e+06  178347
 1412  7.78133e+06  178347
 1413  7.86606e+06  178347
 1414  7.95172e+06  178347
 1415  8.03831e+06  178347
 1416  8.12584e+06  178347
 1417  8.21432e+06  178347
 1418  8.30377e+06  178347
 1419  8.39419e+06  178347
 1420  8.4856e+06  178347
 1421  8.578e+06  178347
 1422  8.67141e+06  178347
 1423  8.76583e+06  178347
 1424  8.86129e+06  178347
 1425  8.95778e+06  178347
 1426  9.05532e+06  178347
 1427  9.15393e+06  178347
 1428  9.25361e+06  178347
 1429  9.35437e+06  178347
 1430  9.45624e+06  178347
 1431  9.55921e+06  178347
 1432  9.6633e+06  178347
 1433  9.76853e+06  178347
 1434  9.8749e+06  178347
 1435  9.98243e+06  178347
 1436  1.00911e+07  178347
 1437  1.0201e+07  178347
 1438  1.03121e+07  178347
 1439  1.04244e+07  178347
 1440  1.05379e+07  178347
 1441  1.06527e+07  178347
 1442  1.07687e+07  178347
 1443  1.08859e+07  178347
 1444  1.10045e+07  178347
 1445  1.11243e+07  178347
 1446  1.12454e+07  178347
 1447  1.13679e+07  178347
 1448  1.14917e+07  178347
 1449  1.16168e+07  178347
 1450  1.17433e+07  178347
 1451  1.18712e+07  178347
 1452  1.20004e+07  178347
 1453  1.21311e+07  178347
 1454  1.22632e+07  178347
 1455  1.23968e+07  178347
 1456  1.25317e+07  178347
 1457  1.26682e+07  178347
 1458  1.28062e+07  178347
 1459  1.29456e+07  178347
 1460  1.30866e+07  178347
 1461  1.32291e+07  178347
 1462  1.33731e+07  178347
 1463  1.35188e+07  178347
 1464  1.3666e+07  178347
 1465  1.38148e+07  178347
 1466  1.39652e+07  178347
 1467  1.41173e+07  178347
 1468  1.4271e+07  178347
 1469  1.44264e+07  178347
 1470  1.45835e+07  178347
 1471  1.47423e+07  178347
 1472  1.49028e+07  178347
 1473  1.50651e+07  178347
 1474  1.52292e+07  178347
 1475  1.5395e+07  178347
 1476  1.55626e+07  178347
 1477  1.57321e+07  178347
 1478  1.59034e+07  178347
 1479  1.60766e+07  178347
 1480  1.62517e+07  178347
 1481  1.64286e+07  178347
 1482  1.66075e+07  178347
 1483  1.67884e+07  178347
 1484  1.69712e+07  178347
 1485  1.7156e+07  178347
 1486  1.73428e+07  178347
 1487  1.75316e+07  178347
 1488  1.77225e+07  178347
 1489  1.79155e+07  178347
 1490  1.81106e+07  178347
 1491  1.83078e+07  178347
 1492  1.85072e+07  178347
 1493  1.87087e+07  178347
 1494  1.89124e+07  178347
 1495  1.91184e+07  178347
 1496  1.93266e+07  178347
 1497  1.9537e+07  178347
 1498  1.97498e+07  178347
 1499  1.99648e+07  178347
 1500  2.01822e+07  178347
 1501  2.0402e+07  178347
 1502  2.06242e+07  178347
 1503  2.08487e+07  178347
 1504  2.10758e+07  178347
 1505  2.13053e+07  178347
 1506  2.15373e+07  178347
 1507  2.17718e+07  178347
 1508  2.20089e+07  178347
 1509  2.22485e+07  178347
 1510  2.24908e+07  178347
 1511  2.27357e+07  178347
 1512  2.29833e+07  178347
 1513  2.32336e+07  178347
 1514  2.34866e+07  178347
 1515  2.37423e+07  178347
 1516  2.40008e+07  178347
 1517  2.42622e+07  178347
 1518  2.45264e+07  178347
 1519  2.47935e+07  178347
 1520  2.50635e+07  178347
 1521  2.53364e+07  178347
 1522  2.56123e+07  178347
 1523  2.58912e+07  178347
 1524  2.61731e+07  178347
 1525  2.64581e+07  178347
 1526  2.67462e+07  178347
 1527  2.70375e+07  178347
 1528  2.73319e+07  178347
 1529  2.76295e+07  178347
 1530  2.79304e+07  178347
 1531  2.82345e+07  178347
 1532  2.8542e+07  178347
 1533  2.88528e+07  178347
 1534  2.9167e+07  178347
 1535  2.94846e+07  178347
 1536  2.98056e+07  178347
 1537  3.01302e+07  178347
 1538  3.04583e+07  178347
 1539  3.079e+07  178347
 1540  3.11252e+07  178347
 1541  3.14642e+07  178347
 1542  3.18068e+07  178347
 1543  3.21531e+07  178347
 1544  3.25033e+07  178347
 1545  3.28572e+07  178347
 1546  3.3215e+07  178347
 1547  3.35767e+07  178347
 1548  3.39423e+07  178347
 1549  3.43119e+07  178347
 1550  3.46855e+07  178347
 1551  3.50632e+07  178347
 1552  3.54451e+07  178347
 1553  3.5831e+07  178347
 1554  3.62212e+07  178347
 1555  3.66156e+07  178347
 1556  3.70143e+07  178347
 1557  3.74174e+07  178347
 1558  3.78248e+07  178347
 1559  3.82367e+07  178347
 1560  3.86531e+07  178347
 1561  3.9074e+07  178347
 1562  3.94995e+07  178347
 1563  3.99296e+07  178347
 1564  4.03644e+07  178347
 1565  4.0804e+07  178347
 1566  4.12483e+07  178347
 1567  4.16974e+07  178347
 1568  4.21515e+07  178347
 1569  4.26105e+07  178347
 1570  4.30745e+07  178347
 1571  4.35435e+07  178347
 1572  4.40177e+07  178347
 1573  4.4497e+07  178347
 1574  4.49816e+07  178347
 1575  4.54714e+07  178347
 1576  4.59665e+07  178347
 1577  4.64671e+07  178347
 1578  4.69731e+07  178347
 1579  4.74846e+07  178347
 1580  4.80016e+07  178347
 1581  4.85243e+07  178347
 1582  4.90527e+07  178347
 1583  4.95869e+07  178347
 1584  5.01268e+07  178347
 1585  5.06727e+07  178347
 1586  5.12245e+07  178347
 1587  5.17823e+07  178347
 1588  5.23461e+07  178347
 1589  5.29162e+07  178347
 1590  5.34924e+07  178347
 1591  5.40749e+07  178347
 1592  5.46637e+07  178347
 1593  5.52589e+07  178347
 1594  5.58607e+07  178347
 1595  5.6469e+07  178347
 1596  5.70839e+07  178347
 1597  5.77055e+07  178347
 1598  5.83338e+07  178347
 1599  5.8969e+07  178347
 1600  5.96112e+07  178347
 1601  6.02603e+07  178347
 1602  6.09165e+07  178347
 1603  6.15798e+07  178347
 1604  6.22504e+07  178347
 1605  6.29282e+07  178347
 1606  6.36135e+07  178347
 1607  6.43062e+07  178347
 1608  6.50064e+07  178347
 1609  6.57143e+07  178347
 1610  6.64299e+07  178347
 1611  6.71533e+07  178347
 1612  6.78845e+07  178347
 1613  6.86237e+07  178347
 1614  6.9371e+07  178347
 1615  7.01264e+07  178347
 1616  7.089e+07  178347
 1617  7.16619e+07  178347
 1618  7.24423e+07  178347
 1619  7.32311e+07  178347
 1620  7.40286e+07  178347
 1621  7.48347e+07  178347
 1622  7.56496e+07  178347
 1623  7.64734e+07  178347
 1624  7.73061e+07  178347
 1625  7.81479e+07  178347
 1626  7.89989e+07  178347
 1627  7.98591e+07  178347
 1628  8.07287e+07  178347
 1629  8.16078e+07  178347
 1630  8.24964e+07  178347
 1631  8.33948e+07  178347
 1632  8.43029e+07  178347
 1633  8.52209e+07  178347
 1634  8.61489e+07  178347
 1635  8.7087e+07  178347
 1636  8.80353e+07  178347
 1637  8.89939e+07  178347
 1638  8.9963e+07  178347
 1639  9.09426e+07  178347
 1640  9.19329e+07  178347
 1641  9.2934e+07  178347
 1642  9.3946e+07  178347
 1643  9.4969e+07  178347
 1644  9.60031e+07  178347
 1645  9.70485e+07  178347
 1646  9.81053e+07  178347
 1647  9.91736e+07  178347
 1648  1.00254e+08  178347
 1649  1.01345e+08  178347
 1650  1.02449e+08  178347
 1651  1.03564e+08  178347
 1652  1.04692e+08  178347
 1653  1.05832e+08  178347
 1654  1.06985e+08  178347
 1655  1.0815e+08  178347
 1656  1.09327e+08  178347
 1657  1.10518e+08  178347
 1658  1.11721e+08  178347
 1659  1.12938e+08  178347
 1660  1.14168e+08  178347
 1661  1.15411e+08  178347
 1662  1.16668e+08  178347
 1663  1.17938e+08  178347
 1664  1.19222e+08  178347
 1665  1.2052e+08  178347
 1666  1.21833e+08  178347
 1667  1.23159e+08  178347
 1668  1.24501e+08  178347
 1669  1.25856e+08  178347
 1670  1.27227e+08  178347
 1671  1.28612e+08  178347
 1672  1.30013e+08  178347
 1673  1.31428e+08  178347
 1674  1.3286e+08  178347
 1675  1.34306e+08  178347
 1676  1.35769e+08  178347
 1677  1.37247e+08  178347
 1678  1.38742e+08  178347
 1679  1.40253e+08  178347
 1680  1.4178e+08  178347
 1681  1.43324e+08  178347
 1682  1.44884e+08  178347
 1683  1.46462e+08  178347
 1684  1.48057e+08  178347
 1685  1.49669e+08  178347
 1686  1.51299e+08  178347
 1687  1.52947e+08  178347
 1688  1.54612e+08  178347
 1689  1.56296e+08  178347
 1690  1.57998e+08  178347
 1691  1.59718e+08  178347
 1692  1.61457e+08  178347
 1693  1.63215e+08  178347
 1694  1.64993e+08  178347
 1695  1.66789e+08  178347
 1696  1.68606e+08  178347
 1697  1.70442e+08  178347
 1698  1.72298e+08  178347
 1699  1.74174e+08  178347