 # mass   0.511003971      MeV
 # Ekin   0.100000001      MeV
 # path    9.49258208E-02  um
 # mean dE/dx    751.205688      eV/um
 #         j   dE [eV]      dE*dE*dsig/ddE [eV*eV/cm]
 START
   1  1.79589844  913.091675
   2  1.81545448  934.483582
   3  1.83522356  956.409607
   4  1.85520780  978.846863
   5  1.87540972  1001.80701
   6  1.89583158  1025.30261
   7  1.91647589  1049.41772
   8  1.93734491  1074.11230
   9  1.95844126  1099.38135
  10  1.97976732  1125.23779
  11  2.00132561  1151.69775
  12  2.02311873  1178.80945
  13  2.04514909  1206.54932
  14  2.06741929  1234.93176
  15  2.08993196  1263.97156
  16  2.11268973  1294.19507
  17  2.13569546  1325.53577
  18  2.15895176  1357.60754
  19  2.18246126  1390.42664
  20  2.20622683  1423.82849
  21  2.23025107  1457.48022
  22  2.25453687  1575.18591
  23  2.27908707  1614.26794
  24  2.30390477  1656.05688
  25  2.32899261  1698.54053
  26  2.35435367  1741.76611
  27  2.37999082  1785.80664
  28  2.40590715  1830.93494
  29  2.43210578  1877.66370
  30  2.45858979  1925.47559
  31  2.48536205  1974.23486
  32  2.51242590  2024.62378
  33  2.53978443  2076.67358
  34  2.56744099  2129.83618
  35  2.59539866  2184.13574
  36  2.62366080  2239.51953
  37  2.65223050  2296.14697
  38  2.68111134  2353.89380
  39  2.71030664  2413.49414
  40  2.73982000  2475.16211
  41  2.76965475  2538.05591
  42  2.79981422  2602.28223
  43  2.83030224  2669.80664
  44  2.86112213  2738.52856
  45  2.89227772  2808.55640
  46  2.92377257  2881.23608
  47  2.95561028  2955.48486
  48  2.98779488  3030.89917
  49  3.02032995  3107.84961
  50  3.05321932  3185.96753
  51  3.08646679  3264.94922
  52  3.12007618  3343.06372
  53  3.15405154  3420.21729
  54  3.18839693  3497.87866
  55  3.22311640  3547.87964
  56  3.25821376  3585.50415
  57  3.29369330  3625.09790
  58  3.32955933  3596.05566
  59  3.36581588  3550.25000
  60  3.40246725  3507.45850
  61  3.43951774  3539.85840
  62  3.47697163  3567.90088
  63  3.51483345  3611.80103
  64  3.55310750  3688.35474
  65  3.59179831  3766.78003
  66  3.63091040  3844.97998
  67  3.67044854  3923.72949
  68  3.71041703  4002.09155
  69  3.75082088  4076.30371
  70  3.79166460  4151.05469
  71  3.83295321  4221.54541
  72  3.87469125  4291.14453
  73  3.91688395  4355.34473
  74  3.95953608  4411.19824
  75  4.00265265  4464.68311
  76  4.04623890  4484.20605
  77  4.09029961  4502.81006
  78  4.13484001  4450.59424
  79  4.17986536  4372.43457
  80  4.22538090  4267.08398
  81  4.27139235  4112.05664
  82  4.31790495  3969.86401
  83  4.36492395  3849.06714
  84  4.41245508  3706.47583
  85  4.46050358  3694.88379
  86  4.50907516  3665.57886
  87  4.55817556  3732.15576
  88  4.60781097  3799.69873
  89  4.65798664  3985.93506
  90  4.70870876  4200.50586
  91  4.75998306  4458.76221
  92  4.81181574  4748.03857
  93  4.86421299  5043.02979
  94  4.91718102  5365.60107
  95  4.97072554  5699.40137
  96  5.02485323  6048.91553
  97  5.07957029  6403.16113
  98  5.13488340  6728.34082
  99  5.19079876  7036.81543
 100  5.24732304  7218.69824
 101  5.30446243  7368.84229
 102  5.36222410  7421.01025
 103  5.42061472  7489.16357
 104  5.47964144  7598.27979
 105  5.53931093  7791.16602
 106  5.59962988  8039.97314
 107  5.66060591  8344.02734
 108  5.72224569  8656.07324
 109  5.78455687  8968.06543
 110  5.84754658  9251.42773
 111  5.91122198  9530.20410
 112  5.97559118  9824.04297
 113  6.04066133  10180.0469
 114  6.10644007  10592.2422
 115  6.17293501  11028.1475
 116  6.24015379  11485.2803
 117  6.30810452  11966.8955
 118  6.37679529  12478.1914
 119  6.44623423  13013.8477
 120  6.51642895  13579.4844
 121  6.58738804  14182.0469
 122  6.65912008  14818.8125
 123  6.73163319  15497.8887
 124  6.80493593  16228.4307
 125  6.87903690  17061.5215
 126  6.95394468  17964.0508
 127  7.02966833  18865.7578
 128  7.10621643  19701.2227
 129  7.18359804  20585.6953
 130  7.26182222  21138.6504
 131  7.34089851  21577.9746
 132  7.42083549  22078.5605
 133  7.50164318  22826.5957
 134  7.58333063  23591.4824
 135  7.66590786  24489.9902
 136  7.74938440  25458.2070
 137  7.83376980  26499.6309
 138  7.91907406  27644.5508
 139  8.00530720  28853.0898
 140  8.09247971  30076.6680
 141  8.18060112  31370.0605
 142  8.26968193  32673.7129
 143  8.35973263  34024.0430
 144  8.45076466  35576.6211
 145  8.54278755  37348.6211
 146  8.63581276  39213.7930
 147  8.72985077  41149.9023
 148  8.82491302  43154.8789
 149  8.92101002  45058.0234
 150  9.01815319  47146.0195
 151  9.11635494  49751.7422
 152  9.21562576  52485.5391
 153  9.31597710  54864.7656
 154  9.41742134  57481.6016
 155  9.51996994  60793.2656
 156  9.62363529  64331.8867
 157  9.72842979  67899.3203
 158  9.83436584  71735.0312
 159  9.94145489  75814.0859
 160  10.0497103  80269.0859
 161  10.1591444  85155.4219
 162  10.2697706  90656.7266
 163  10.3816013  96824.2188
 164  10.4946499  103172.281
 165  10.6089296  110056.539
 166  10.7244530  117300.320
 167  10.8412342  125183.078
 168  10.9592876  133649.031
 169  11.0786266  142768.703
 170  11.1992655  152739.188
 171  11.3212175  163378.156
 172  11.4444971  175046.828
 173  11.5691195  187727.297
 174  11.6950989  201487.125
 175  11.8224506  216634.547
 176  11.9511890  262745.031
 177  12.0813293  281840.688
 178  12.2128868  302403.562
 179  12.3458767  325258.500
 180  12.4803143  350233.719
 181  12.6162157  377360.938
 182  12.7535973  407694.188
 183  12.8924751  441233.781
 184  13.0328655  478045.750
 185  13.1747847  519154.312
 186  13.3182487  565577.125
 187  13.4632750  617192.438
 188  13.6098804  674678.312
 189  13.7580824  740951.500
 190  13.9078979  817063.938
 191  14.0593452  903325.438
 192  14.2124414  1000554.62
 193  14.3672047  1110584.25
 194  14.5236530  1234733.88
 195  14.6818056  1373827.38
 196  14.8416805  1529521.25
 197  15.0032959  1703542.88
 198  15.1666708  1900489.00
 199  15.3318253  2118843.00
 200  15.4987783  2358308.50
 201  15.6675491  2617424.50
 202  15.8381577  2892642.50
 203  16.0106239  3177605.50
 204  16.1849689  3461508.00
 205  16.3612118  3728298.25
 206  16.5393734  3961555.75
 207  16.7194748  4144954.25
 208  16.9015388  4265133.50
 209  17.0855846  4314332.50
 210  17.2716351  4291923.00
 211  17.4597111  4204306.00
 212  17.6498356  4063238.00
 213  17.8420296  3883227.50
 214  18.0363159  3678967.00
 215  18.2327194  3463410.25
 216  18.4312611  3246844.00
 217  18.6319637  3036778.25
 218  18.8348522  2838327.50
 219  19.0399513  2654929.25
 220  19.2472820  2489332.00
 221  19.4568710  2345667.00
 222  19.6687431  2252186.50
 223  19.8829212  2088255.75
 224  20.0994320  1799516.25
 225  20.3183002  1629861.62
 226  20.5395527  1478156.12
 227  20.7632141  1388253.62
 228  20.9893112  1300162.25
 229  21.2178707  1186399.25
 230  21.4489174  1071909.62
 231  21.6824818  994472.938
 232  21.9185886  927797.812
 233  22.1572666  874483.750
 234  22.3985443  828188.562
 235  22.6424484  787169.375
 236  22.8890095  749932.375
 237  23.1382542  716492.750
 238  23.3902130  686082.438
 239  23.6449165  658540.375
 240  23.9023933  633148.688
 241  24.1626740  610158.438
 242  24.4257889  588576.125
 243  24.6917686  568947.062
 244  24.9606438  550027.312
 245  25.2324467  532873.312
 246  25.5072098  516071.812
 247  25.7849655  504035.875
 248  26.0657463  492372.969
 249  26.3495846  482099.469
 250  26.6365128  472520.344
 251  26.9265652  463717.938
 252  27.2197762  455722.812
 253  27.5161800  448031.625
 254  27.8158112  441417.656
 255  28.1187057  435086.500
 256  28.4248981  429228.344
 257  28.7344246  423851.438
 258  29.0473213  418685.031
 259  29.3636265  413962.250
 260  29.6833763  409398.750
 261  30.0066071  404962.969
 262  30.3333569  401389.000
 263  30.6636658  397779.938
 264  30.9975719  394133.406
 265  31.3351135  391004.312
 266  31.6763306  387846.812
 267  32.0212631  384685.219
 268  32.3699532  381928.625
 269  32.7224388  379143.188
 270  33.0787621  376420.562
 271  33.4389648  373994.750
 272  33.8030930  371541.875
 273  34.1711845  369209.938
 274  34.5432854  367023.312
 275  34.9194374  364812.562
 276  35.2996864  362768.594
 277  35.6840744  360752.750
 278  36.0726471  358758.750
 279  36.4654541  356930.844
 280  36.8625374  355081.656
 281  37.2639427  353307.406
 282  37.6697197  351563.406
 283  38.0799179  349821.750
 284  38.4945831  348150.500
 285  38.9137611  346462.219
 286  39.3375053  344884.438
 287  39.7658615  343322.156
 288  40.1988831  341778.281
 289  40.6366196  340261.469
 290  41.0791245  338743.906
 291  41.5264473  337281.188
 292  41.9786415  335802.969
 293  42.4357605  334369.344
 294  42.8978577  332925.062
 295  43.3649864  331502.875
 296  43.8372002  330077.875
 297  44.3145561  328683.031
 298  44.7971115  327296.375
 299  45.2849197  325925.250
 300  45.7780418  324561.844
 301  46.2765312  323207.969
 302  46.7804489  321858.469
 303  47.2898560  320518.062
 304  47.8048096  319182.500
 305  48.3253708  317851.438
 306  48.8516006  316521.844
 307  49.3835602  315203.312
 308  49.9213104  313883.812
 309  50.4649200  312575.594
 310  51.0144463  311265.125
 311  51.5699577  309966.188
 312  52.1315193  308665.344
 313  52.6991959  307371.281
 314  53.2730522  306077.750
 315  53.8531570  304786.062
 316  54.4395790  303498.688
 317  55.0323868  302207.812
 318  55.6316490  300924.781
 319  56.2374382  299640.531
 320  56.8498230  298361.906
 321  57.4688759  297088.562
 322  58.0946693  295818.125
 323  58.7272797  294549.656
 324  59.3667793  293282.031
 325  60.0132408  292012.469
 326  60.6667442  290746.500
 327  61.3273621  289480.250
 328  61.9951744  288214.375
 329  62.6702576  286958.656
 330  63.3526917  285703.719
 331  64.0425568  284448.656
 332  64.7399368  283197.750
 333  65.4449081  281945.688
 334  66.1575546  280693.938
 335  66.8779602  279447.406
 336  67.6062164  278206.625
 337  68.3423996  276967.906
 338  69.0866013  275729.562
 339  69.8389053  274496.188
 340  70.5994034  273262.469
 341  71.3681793  272028.500
 342  72.1453247  270794.594
 343  72.9309387  269568.312
 344  73.7251053  268344.688
 345  74.5279160  267132.125
 346  75.3394699  265919.469
 347  76.1598663  264700.344
 348  76.9891968  263491.094
 349  77.8275528  262283.438
 350  78.6750412  261084.469
 351  79.5317535  259887.609
 352  80.3977966  258698.688
 353  81.2732697  257518.359
 354  82.1582794  256337.047
 355  83.0529251  255167.859
 356  83.9573135  254013.094
 357  84.8715515  252851.688
 358  85.7957458  251676.734
 359  86.7300034  250516.375
 360  87.6744308  249352.141
 361  88.6291428  248062.047
 362  89.5942535  246349.422
 363  90.5698700  244393.609
 364  91.5561142  242359.156
 365  92.5530930  240276.984
 366  93.5609283  238093.656
 367  94.5797424  235859.094
 368  95.6096497  232730.062
 369  96.6507721  228295.562
 370  97.7032318  222973.375
 371  98.7671509  217634.312
 372  99.8426590  121485.781
 373  100.929878  825979.438
 374  102.028931  791316.938
 375  103.139954  794838.250
 376  104.263077  791493.688
 377  105.398430  820215.375
 378  106.546143  881976.500
 379  107.706352  946073.375
 380  108.879196  1012398.44
 381  110.064812  963175.312
 382  111.263336  1147544.75
 383  112.474915  1300544.75
 384  113.699684  1399137.12
 385  114.937790  1458204.88
 386  116.189384  1501270.25
 387  117.454605  1528663.75
 388  118.733604  1549140.75
 389  120.026527  1564156.88
 390  121.333534  1575620.88
 391  122.654770  1587283.12
 392  123.990395  1599134.12
 393  125.340561  1611209.25
 394  126.705429  1623276.75
 395  128.085159  1635509.00
 396  129.479919  1649608.00
 397  130.889862  1664397.38
 398  132.315155  1679613.50
 399  133.755966  1695030.88
 400  135.212479  1709650.25
 401  136.684845  1722540.62
 402  138.173248  1733637.12
 403  139.677856  1744480.25
 404  141.198853  1755210.75
 405  142.736404  1765408.62
 406  144.290695  1778231.62
 407  145.861923  1804696.38
 408  147.450256  1833209.38
 409  149.055878  1883134.38
 410  150.678986  1930128.88
 411  152.319778  1956772.88
 412  153.978439  1982712.62
 413  155.655151  2004344.50
 414  157.350128  2019495.62
 415  159.063553  2022706.75
 416  160.795639  2022705.38
 417  162.546585  2021807.12
 418  164.316605  2019437.00
 419  166.105896  2015580.25
 420  167.914673  2010459.12
 421  169.743149  2003839.38
 422  171.591537  1998843.88
 423  173.460052  1993165.12
 424  175.348907  1986652.50
 425  177.258331  1981503.50
 426  179.188553  1974967.62
 427  181.139786  1968742.75
 428  183.112274  1962517.25
 429  185.106232  1955141.75
 430  187.121902  1949099.25
 431  189.159531  1941772.12
 432  191.219345  1933473.38
 433  193.301590  1923670.75
 434  195.406509  1913009.12
 435  197.534348  1903501.62
 436  199.685364  1892448.88
 437  201.859802  1882588.12
 438  204.057907  1871910.00
 439  206.279953  1861421.88
 440  208.526199  1850698.62
 441  210.796906  1842660.00
 442  213.092331  1840994.12
 443  215.412750  1838484.62
 444  217.758438  1835466.50
 445  220.129669  1831536.75
 446  222.526718  1827414.38
 447  224.949875  1822360.38
 448  227.399414  1818071.00
 449  229.875626  1812926.75
 450  232.378815  1808221.88
 451  234.909256  1802619.62
 452  237.467255  1797753.75
 453  240.053101  1792260.50
 454  242.667114  1787384.75
 455  245.309586  1781653.75
 456  247.980835  1775205.50
 457  250.681168  1768348.62
 458  253.410904  1761901.50
 459  256.170380  1755340.25
 460  258.959900  1748763.12
 461  261.779785  1741863.25
 462  264.630371  1734647.50
 463  267.511993  1727915.50
 464  270.425018  1720851.50
 465  273.369751  1714026.75
 466  276.346558  1706884.00
 467  279.355774  1699765.75
 468  282.397766  1692934.00
 469  285.472870  1685823.12
 470  288.581482  1678666.62
 471  291.723938  1671423.88
 472  294.900604  1664018.88
 473  298.111877  1657077.38
 474  301.358093  1646843.88
 475  304.639679  1632291.75
 476  307.957001  1618361.88
 477  311.310425  1604172.00
 478  314.700378  1589622.25
 479  318.127228  1575232.88
 480  321.591400  1560814.00
 481  325.093292  1546459.00
 482  328.633331  1532633.25
 483  332.211914  1518836.62
 484  335.829468  1505127.62
 485  339.486420  1491733.62
 486  343.183197  1478595.75
 487  346.920227  1465541.00
 488  350.697937  1452608.62
 489  354.516785  1439941.62
 490  358.377228  1427337.38
 491  362.279694  1414827.88
 492  366.224670  1402460.12
 493  370.212585  1390202.00
 494  374.243927  1378297.25
 495  378.319183  1366584.50
 496  382.438812  1354807.00
 497  386.603302  1343024.00
 498  390.813141  1331397.00
 499  395.068817  1319937.50
 500  399.370850  1308758.88
 501  403.719727  1297749.50
 502  408.115936  1286895.12
 503  412.560028  1276171.12
 504  417.052521  1265606.50
 505  421.593933  1255184.62
 506  426.184784  1244825.38
 507  430.825623  1234567.75
 508  435.516998  1224464.50
 509  440.259460  1214499.25
 510  445.053589  1204685.88
 511  449.899902  1194949.25
 512  454.798981  1185193.38
 513  459.751434  1175579.75
 514  464.757812  1166114.25
 515  469.818695  1156793.25
 516  474.934692  1147606.62
 517  480.106384  1138581.38
 518  485.334412  1129698.12
 519  490.619354  1120945.75
 520  495.961853  1112260.00
 521  501.362518  1103681.00
 522  506.821991  1095245.75
 523  512.340942  1086932.50
 524  517.919983  1078679.38
 525  523.559753  1070485.88
 526  529.260925  1062382.75
 527  535.024231  1054387.75
 528  540.850281  1046543.62
 529  546.739746  1038839.62
 530  552.693359  1031265.56
 531  558.711792  1023772.50
 532  564.795776  1016301.94
 533  570.945984  1008951.75
 534  577.163208  1001771.69
 535  583.448120  994668.688
 536  589.801453  987637.688
 537  596.223999  980728.875
 538  602.716431  974010.375
 539  609.279602  967289.875
 540  615.914246  960758.875
 541  622.621094  954221.188
 542  629.401001  947789.250
 543  636.254761  941557.875
 544  643.183105  935332.938
 545  650.186890  929123.688
 546  657.266968  923084.438
 547  664.424133  917092.312
 548  671.659241  911116.438
 549  678.973145  905225.062
 550  686.366699  899533.938
 551  693.840759  893869.250
 552  701.396179  888224.188
 553  709.033875  882666.875
 554  716.754761  877271.875
 555  724.559692  871911.438
 556  732.449646  866587.688
 557  740.425476  861381.875
 558  748.488159  856285.312
 559  756.638672  851235.875
 560  764.877930  846262.625
 561  773.206909  841381.688
 562  781.626587  836538.562
 563  790.137939  831757.688
 564  798.742004  827142.875
 565  807.439758  822567.875
 566  816.232178  818028.438
 567  825.120361  813524.375
 568  834.105347  809047.812
 569  843.188171  804597.562
 570  852.369873  800180.750
 571  861.651550  795923.938
 572  871.034302  791805.250
 573  880.519226  787719.875
 574  890.107483  783665.812
 575  899.800110  779645.250
 576  909.598267  775653.125
 577  919.503174  771687.125
 578  929.515930  767836.562
 579  939.637695  764106.938
 580  949.869690  760403.062
 581  960.213074  756724.625
 582  970.669128  753073.250
 583  981.239014  749448.562
 584  991.924011  745845.750
 585  1002.72534  742441.625
 586  1013.64429  739071.312
 587  1024.68213  735719.375
 588  1035.84021  732385.562
 589  1047.11975  729067.688
 590  1058.52209  725765.750
 591  1070.04871  722612.375
 592  1081.70081  719513.062
 593  1093.47974  716427.875
 594  1105.38696  713359.000
 595  1117.42383  710321.562
 596  1129.59180  707307.438
 597  1141.89221  704457.688
 598  1154.32666  701620.250
 599  1166.89648  698792.375
 600  1179.60315  695972.438
 601  1192.44824  693168.188
 602  1205.43311  690463.750
 603  1218.55945  687810.875
 604  1231.82874  685169.875
 605  1245.24243  682546.312
 606  1258.80225  679938.875
 607  1272.50977  677416.875
 608  1286.36646  674960.188
 609  1300.37402  672507.688
 610  1314.53418  670065.375
 611  1328.84851  667625.062
 612  1343.31873  665279.000
 613  1357.94653  662967.438
 614  1372.73364  660661.812
 615  1387.68176  658380.062
 616  1402.79260  656120.688
 617  1418.06799  653961.188
 618  1433.50977  651806.062
 619  1449.11963  649652.125
 620  1464.89954  647502.312
 621  1480.85120  645462.625
 622  1496.97656  643462.250
 623  1513.27759  641467.250
 624  1529.75610  639503.188
 625  1546.41406  637541.812
 626  1563.25342  635579.938
 627  1580.27612  633619.062
 628  1597.48425  631658.000
 629  1614.87976  629798.125
 630  1632.46460  628013.188
 631  1650.24097  626228.750
 632  1668.21094  624443.438
 633  1686.37659  622656.938
 634  1704.73999  620869.062
 635  1723.30334  619078.688
 636  1742.06885  617294.375
 637  1761.03870  615648.500
 638  1780.21521  614000.688
 639  1799.60046  612414.000
 640  1819.19678  610838.938
 641  1839.00659  1055594.00
 642  1859.03210  1048544.88
 643  1879.27563  1041584.62
 644  1899.73962  1034815.69
 645  1920.42639  1028121.31
 646  1941.33850  1021501.44
 647  1962.47827  1014953.00
 648  1983.84827  1008475.25
 649  2005.45093  1002066.19
 650  2027.28882  995798.625
 651  2049.36450  989637.812
 652  2071.68066  983567.812
 653  2094.23975  977575.250
 654  2117.04443  971645.625
 655  2140.09766  965779.188
 656  2163.40186  960034.688
 657  2186.95972  954390.500
 658  2210.77417  948806.000
 659  2234.84790  943280.438
 660  2259.18384  937813.188
 661  2283.78467  932400.875
 662  2308.65356  927128.250
 663  2333.79321  921924.125
 664  2359.20654  916807.438
 665  2384.89673  911744.062
 666  2410.86646  906719.375
 667  2437.11914  901801.750
 668  2463.65771  896969.438
 669  2490.48511  892188.875
 670  2517.60474  887447.750
 671  2545.01978  882773.312
 672  2572.73315  878155.938
 673  2600.74829  873655.312
 674  2629.06860  869191.375
 675  2657.69727  864807.000
 676  2686.63770  860447.062
 677  2715.89331  856176.375
 678  2745.46753  851975.438
 679  2775.36377  847786.062
 680  2805.58545  843669.688
 681  2836.13623  839585.875
 682  2867.01978  835620.250
 683  2898.23950  831741.500
 684  2929.79932  827867.875
 685  2961.70264  824059.000
 686  2993.95337  820286.438
 687  3026.55542  816529.062
 688  3059.51245  812829.625
 689  3092.82837  809157.750
 690  3126.50708  805572.750
 691  3160.55249  802065.938
 692  3194.96875  798591.312
 693  3229.75977  795129.000
 694  3264.92944  791714.812
 695  3300.48218  788345.688
 696  3336.42212  784971.562
 697  3372.75342  781638.688
 698  3409.48022  778423.500
 699  3446.60693  775263.625
 700  3484.13794  772117.312
 701  3522.07764  769010.062
 702  3560.43066  765937.875
 703  3599.20117  762896.438
 704  3638.39404  759856.750
 705  3678.01367  756903.562
 706  3718.06470  754003.812
 707  3758.55176  751135.875
 708  3799.47974  748294.875
 709  3840.85327  745457.250
 710  3882.67749  742647.750
 711  3924.95703  739873.688
 712  3967.69702  737171.062
 713  4010.90234  734500.000
 714  4054.57812  731851.562
 715  4098.72949  729221.250
 716  4143.36182  726602.188
 717  4188.47998  724004.938
 718  4234.08936  721509.438
 719  4280.19580  719050.125
 720  4326.80420  716611.438
 721  4373.91992  714191.438
 722  4421.54883  711790.188
 723  4469.69629  709406.188
 724  4518.36816  707042.750
 725  4567.56982  704707.625
 726  4617.30762  702388.375
 727  4667.58691  700084.375
 728  4718.41357  697795.188
 729  4769.79395  695489.562
 730  4821.73340  693180.625
 731  4874.23877  690945.250
 732  4927.31592  688804.188
 733  4980.97070  686688.500
 734  5035.20996  684586.562
 735  5090.04004  682499.125
 736  5145.46680  680423.938
 737  5201.49707  678361.312
 738  5258.13770  676303.875
 739  5315.39502  674259.688
 740  5373.27588  672227.688
 741  5431.78711  670207.250
 742  5490.93555  668199.688
 743  5550.72803  666203.000
 744  5611.17139  664287.938
 745  5672.27295  662420.812
 746  5734.04004  660565.750
 747  5796.47949  658701.688
 748  5859.59912  656884.500
 749  5923.40576  655077.188
 750  5987.90723  653282.938
 751  6053.11133  651474.625
 752  6119.02539  649691.500
 753  6185.65723  647920.500
 754  6253.01465  646174.500
 755  6321.10547  644486.188
 756  6389.93799  642822.062
 757  6459.52002  641164.125
 758  6529.85938  639510.938
 759  6600.96484  637870.500
 760  6672.84473  636227.688
 761  6745.50732  634598.312
 762  6818.96094  632969.875
 763  6893.21436  631351.312
 764  6968.27637  629772.000
 765  7044.15576  628221.562
 766  7120.86182  626675.625
 767  7198.40283  625142.688
 768  7276.78857  623593.625
 769  7356.02783  622075.688
 770  7436.12988  620562.938
 771  7517.10400  619057.125
 772  7598.95996  617626.688
 773  7681.70703  616165.250
 774  7765.35547  614717.000
 775  7849.91455  613280.062
 776  7935.39453  611849.062
 777  8021.80518  610429.812
 778  8109.15674  609021.312
 779  8197.45996  607620.875
 780  8286.72461  606227.938
 781  8376.96094  604844.125
 782  8468.17969  603469.438
 783  8560.39258  602102.500
 784  8653.60938  600744.188
 785  8747.84082  599377.375
 786  8843.09863  598033.062
 787  8939.39355  596694.875
 788  9036.73730  595365.062
 789  9135.14062  594041.125
 790  9234.61621  592723.000
 791  9335.17480  591412.125
 792  9436.82812  590106.688
 793  9539.58887  588806.938
 794  9643.46777  587513.438
 795  9748.47852  586224.562
 796  9854.63281  584940.312
 797  9961.94238  583660.188
 798  10070.4209  582385.500
 799  10180.0811  581115.375
 800  10290.9346  579849.812
 801  10402.9951  578588.500
 802  10516.2764  577318.000
 803  10630.7910  576063.500
 804  10746.5527  574813.250
 805  10863.5752  573565.625
 806  10981.8721  572321.562
 807  11101.4570  571080.750
 808  11222.3438  569841.500
 809  11344.5469  568605.750
 810  11468.0811  567372.062
 811  11592.9600  566140.500
 812  11719.1992  564911.375
 813  11846.8135  563685.188
 814  11975.8164  562459.250
 815  12106.2246  561236.312
 816  12238.0527  560014.125
 817  12371.3164  558793.312
 818  12506.0312  557574.250
 819  12642.2129  556347.812
 820  12779.8779  555130.750
 821  12919.0420  553915.125
 822  13059.7217  552700.125
 823  13201.9326  551485.750
 824  13345.6924  550272.250
 825  13491.0176  549058.562
 826  13637.9248  547846.062
 827  13786.4326  546633.500
 828  13936.5566  545421.375
 829  14088.3154  544209.250
 830  14241.7275  542997.688
 831  14396.8096  541785.250
 832  14553.5811  540573.375
 833  14712.0596  539361.375
 834  14872.2637  538149.375
 835  15034.2119  536936.812
 836  15197.9238  535718.062
 837  15363.4180  534504.750
 838  15530.7148  533292.000
 839  15699.8330  532078.938
 840  15870.7930  530865.250
 841  16043.6143  529651.500
 842  16218.3174  528437.375
 843  16394.9238  527222.750
 844  16573.4531  526007.875
 845  16753.9258  524792.812
 846  16936.3633  523577.719
 847  17120.7891  522362.469
 848  17307.2227  521147.969
 849  17495.6855  519932.469
 850  17686.2012  518717.312
 851  17878.7910  517502.469
 852  18073.4785  516283.219
 853  18270.2852  515069.719
 854  18469.2363  513856.531
 855  18670.3535  512643.719
 856  18873.6602  511432.469
 857  19079.1816  510222.031
 858  19286.9395  509013.125
 859  19496.9609  507805.688
 860  19709.2695  506600.000
 861  19923.8887  505396.625
 862  20140.8457  504195.062
 863  20360.1660  502997.125
 864  20581.8730  508279.188
 865  20805.9941  500640.156
 866  21032.5566  499450.344
 867  21261.5859  498265.125
 868  21493.1094  497084.219
 869  21727.1543  495905.375
 870  21963.7480  494734.812
 871  22202.9180  493570.188
 872  22444.6914  492412.250
 873  22689.0977  491261.469
 874  22936.1660  490118.781
 875  23185.9238  488984.062
 876  23438.4023  487858.781
 877  23693.6309  486742.938
 878  23951.6387  485638.438
 879  24212.4551  484544.469
 880  24476.1113  483464.062
 881  24742.6387  482396.375
 882  25012.0684  481343.750
 883  25284.4316  480305.906
 884  25559.7617  479285.344
 885  25838.0898  478282.031
 886  26119.4492  477296.094
 887  26403.8711  476332.625
 888  26691.3906  475391.375
 889  26982.0410  474473.156
 890  27275.8555  473580.156
 891  27572.8711  472713.719
 892  27873.1211  471876.188
 893  28176.6387  471068.938
 894  28483.4629  470294.594
 895  28793.6270  469554.719
 896  29107.1699  468851.656
 897  29424.1270  468187.938
 898  29744.5352  467565.969
 899  30068.4316  466988.594
 900  30395.8555  463214.344
 901  30726.8457  462800.719
 902  31061.4395  462439.219
 903  31399.6758  462133.375
 904  31741.5957  461886.719
 905  32087.2383  461703.312
 906  32436.6465  461587.094
 907  32789.8594  461542.656
 908  33146.9180  461574.594
 909  33507.8633  461687.938
 910  33872.7383  461887.656
 911  34241.5898  462178.938
 912  34614.4570  462568.969
 913  34991.3828  463062.719
 914  35372.4141  463667.656
 915  35757.5938  464390.750
 916  36146.9688  465239.031
 917  36540.5820  466221.469
 918  36938.4844  467346.406
 919  37340.7188  468623.344
 920  37747.3320  470061.188
 921  38158.3750  471671.906
 922  38573.8945  473464.656
 923  38993.9375  475452.875
 924  39418.5547  477649.188
 925  39847.7930  480067.438
 926  40281.7070  482721.500
 927  40720.3477  485627.719
 928  41163.7617  488802.406
 929  41612.0078  492263.531
 930  42065.1328  496031.188
 931  42523.1914  500125.781
 932  42986.2383  504569.281
 933  43454.3281  509386.500
 934  43927.5156  514602.188
 935  44405.8555  520244.375
 936  44889.4023  526343.562
 937  45378.2148  532931.562
 938  45872.3516  540043.812
 939  46371.8672  547717.188
 940  46876.8242  555992.688
 941  47387.2812  564914.125
 942  47903.2969  574530.125
 943  48424.9297  584891.688
 944  48952.2422  596055.688
 945  49485.2969  608081.625
 946  50024.1562  0.00000000
 947  50568.8828  0.00000000
 948  51119.5430  0.00000000
 949  51676.1992  0.00000000
 950  52238.9180  0.00000000
 951  52807.7617  0.00000000
 952  53382.8008  0.00000000
 953  53964.1016  0.00000000
 954  54551.7305  0.00000000
 955  55145.7617  0.00000000
 956  55746.2617  0.00000000
 957  56353.3008  0.00000000
 958  56966.9492  0.00000000
 959  57587.2773  0.00000000
 960  58214.3633  0.00000000
 961  58848.2773  0.00000000
 962  59489.0938  0.00000000
 963  60136.8867  0.00000000
 964  60791.7344  0.00000000
 965  61453.7148  0.00000000
 966  62122.9023  0.00000000
 967  62799.3750  0.00000000
 968  63483.2148  0.00000000
 969  64174.5039  0.00000000
 970  64873.3203  0.00000000
 971  65579.7422  0.00000000
 972  66293.8594  0.00000000
 973  67015.7500  0.00000000
 974  67745.5078  0.00000000
 975  68483.2109  0.00000000
 976  69228.9453  0.00000000
 977  69982.7969  0.00000000
 978  70744.8594  0.00000000
 979  71515.2188  0.00000000
 980  72293.9688  0.00000000
 981  73081.1953  0.00000000
 982  73877.0000  0.00000000
 983  74681.4688  0.00000000
 984  75494.6953  0.00000000
 985  76316.7812  0.00000000
 986  77147.8203  0.00000000
 987  77987.9062  0.00000000
 988  78837.1406  0.00000000
 989  79695.6250  0.00000000
 990  80563.4531  0.00000000
 991  81440.7344  0.00000000
 992  82327.5625  0.00000000
 993  83224.0547  0.00000000
 994  84130.3047  0.00000000
 995  85046.4219  0.00000000
 996  85972.5156  0.00000000
 997  86908.6953  0.00000000
 998  87855.0703  0.00000000
 999  88811.7500  0.00000000
1000  89778.8438  0.00000000
1001  90756.4688  0.00000000
1002  91744.7422  0.00000000
1003  92743.7812  0.00000000
1004  93753.6953  0.00000000
1005  94774.6094  0.00000000
1006  95806.6406  0.00000000
1007  96849.9062  0.00000000
1008  97904.5312  0.00000000
1009  98970.6406  0.00000000
1010  100048.359  0.00000000
1011  101137.812  0.00000000
1012  102239.133  0.00000000
1013  103352.445  0.00000000
1014  104477.883  0.00000000
1015  105615.570  0.00000000
1016  106765.648  0.00000000
1017  107928.250  0.00000000
1018  109103.516  0.00000000
1019  110291.578  0.00000000
1020  111492.578  0.00000000
1021  112706.656  0.00000000
1022  113933.953  0.00000000
1023  115174.609  0.00000000
1024  116428.781  0.00000000
1025  117696.609  0.00000000
1026  118978.242  0.00000000
1027  120273.828  0.00000000
1028  121583.523  0.00000000
1029  122907.484  0.00000000
1030  124245.859  0.00000000
1031  125598.812  0.00000000
1032  126966.492  0.00000000
1033  128349.070  0.00000000
1034  129746.703  0.00000000
1035  131159.547  0.00000000
1036  132587.781  0.00000000
1037  134031.562  0.00000000
1038  135491.078  0.00000000
1039  136966.484  0.00000000
1040  138457.953  0.00000000
1041  139965.656  0.00000000
1042  141489.781  0.00000000
1043  143030.500  0.00000000
1044  144588.000  0.00000000
1045  146162.453  0.00000000
1046  147754.062  0.00000000
1047  149363.000  0.00000000
1048  150989.453  0.00000000
1049  152633.625  0.00000000
1050  154295.703  0.00000000
1051  155975.875  0.00000000
1052  157674.344  0.00000000
1053  159391.312  0.00000000
1054  161126.969  0.00000000
1055  162881.531  0.00000000
1056  164655.203  0.00000000
1057  166448.188  0.00000000
1058  168260.688  0.00000000
1059  170092.922  0.00000000
1060  171945.109  0.00000000
1061  173817.469  0.00000000
1062  175710.219  0.00000000
1063  177623.578  0.00000000
1064  179557.766  0.00000000
1065  181513.016  0.00000000
1066  183489.562  0.00000000
1067  185487.641  0.00000000
1068  187507.469  0.00000000
1069  189549.297  0.00000000
1070  191613.359  0.00000000
1071  193699.891  0.00000000
1072  195809.141  0.00000000
1073  197941.359  0.00000000
1074  200096.797  0.00000000
1075  202275.703  0.00000000
1076  204478.344  0.00000000
1077  206704.969  0.00000000
1078  208955.844  0.00000000
1079  211231.219  0.00000000
1080  213531.375  0.00000000
1081  215856.578  0.00000000
1082  218207.109  0.00000000
1083  220583.234  0.00000000
1084  222985.234  0.00000000
1085  225413.391  0.00000000
1086  227867.984  0.00000000
1087  230349.312  0.00000000
1088  232857.656  0.00000000
1089  235393.312  0.00000000
1090  237956.578  0.00000000
1091  240547.750  0.00000000
1092  243167.141  0.00000000
1093  245815.062  0.00000000
1094  248491.812  0.00000000
1095  251197.719  0.00000000
1096  253933.078  0.00000000
1097  256698.234  0.00000000
1098  259493.500  0.00000000
1099  262319.188  0.00000000
1100  265175.656  0.00000000
1101  268063.219  0.00000000
1102  270982.250  0.00000000
1103  273933.062  0.00000000
1104  276916.000  0.00000000
1105  279931.406  0.00000000
1106  282979.656  0.00000000
1107  286061.094  0.00000000
1108  289176.094  0.00000000
1109  292325.031  0.00000000
1110  295508.250  0.00000000
1111  298726.125  0.00000000
1112  301979.031  0.00000000
1113  305267.375  0.00000000
1114  308591.531  0.00000000
1115  311951.875  0.00000000
1116  315348.812  0.00000000
1117  318782.750  0.00000000
1118  322254.062  0.00000000
1119  325763.188  0.00000000
1120  329310.531  0.00000000
1121  332896.500  0.00000000
1122  336521.500  0.00000000
1123  340185.969  0.00000000
1124  343890.344  0.00000000
1125  347635.062  0.00000000
1126  351420.562  0.00000000
1127  355247.281  0.00000000
1128  359115.688  0.00000000
1129  363026.188  0.00000000
1130  366979.281  0.00000000
1131  370975.438  0.00000000
1132  375015.094  0.00000000
1133  379098.750  0.00000000
1134  383226.875  0.00000000
1135  387399.938  0.00000000
1136  391618.438  0.00000000
1137  395882.875  0.00000000
1138  400193.750  0.00000000
1139  404551.562  0.00000000
1140  408956.844  0.00000000
1141  413410.094  0.00000000
1142  417911.844  0.00000000
1143  422462.594  0.00000000
1144  427062.906  0.00000000
1145  431713.312  0.00000000
1146  436414.375  0.00000000
1147  441166.625  0.00000000
1148  445970.625  0.00000000
1149  450826.938  0.00000000
1150  455736.125  0.00000000
1151  460698.781  0.00000000
1152  465715.469  0.00000000
1153  470786.781  0.00000000
1154  475913.312  0.00000000
1155  481095.656  0.00000000
1156  486334.438  0.00000000
1157  491630.281  0.00000000
1158  496983.781  0.00000000
1159  502395.594  0.00000000
1160  507866.312  0.00000000
1161  513396.625  0.00000000
1162  518987.156  0.00000000
1163  524638.562  0.00000000
1164  530351.500  0.00000000
1165  536126.625  0.00000000
1166  541964.688  0.00000000
1167  547866.312  0.00000000
1168  553832.188  0.00000000
1169  559863.000  0.00000000
1170  565959.500  0.00000000
1171  572122.375  0.00000000
1172  578352.375  0.00000000
1173  584650.250  0.00000000
1174  591016.688  0.00000000
1175  597452.438  0.00000000
1176  603958.250  0.00000000
1177  610534.938  0.00000000
1178  617183.250  0.00000000
1179  623903.938  0.00000000
1180  630697.812  0.00000000
1181  637565.688  0.00000000
1182  644508.312  0.00000000
1183  651526.562  0.00000000
1184  658621.250  0.00000000
1185  665793.188  0.00000000
1186  673043.188  0.00000000
1187  680372.125  0.00000000
1188  687780.875  0.00000000
1189  695270.312  0.00000000
1190  702841.312  0.00000000
1191  710494.750  0.00000000
1192  718231.562  0.00000000
1193  726052.625  0.00000000
1194  733958.812  0.00000000
1195  741951.125  0.00000000
1196  750030.438  0.00000000
1197  758197.750  0.00000000
1198  766454.000  0.00000000
1199  774800.125  0.00000000
1200  783237.125  0.00000000
1201  791766.000  0.00000000
1202  800387.750  0.00000000
1203  809103.375  0.00000000
1204  817913.938  0.00000000
1205  826820.438  0.00000000
1206  835823.938  0.00000000
1207  844925.438  0.00000000
1208  854126.062  0.00000000
1209  863426.875  0.00000000
1210  872829.000  0.00000000
1211  882333.500  0.00000000
1212  891941.500  0.00000000
1213  901654.125  0.00000000
1214  911472.500  0.00000000
1215  921397.812  0.00000000
1216  931431.188  0.00000000
1217  941573.812  0.00000000
1218  951826.875  0.00000000
1219  962191.625  0.00000000
1220  972669.188  0.00000000
1221  983260.875  0.00000000
1222  993967.875  0.00000000
1223  1004791.50  0.00000000
1224  1015732.94  0.00000000
1225  1026793.56  0.00000000
1226  1037974.62  0.00000000
1227  1049277.38  0.00000000
1228  1060703.25  0.00000000
1229  1072253.50  0.00000000
1230  1083929.62  0.00000000
1231  1095732.88  0.00000000
1232  1107664.62  0.00000000
1233  1119726.25  0.00000000
1234  1131919.25  0.00000000
1235  1144245.00  0.00000000
1236  1156705.00  0.00000000
1237  1169300.75  0.00000000
1238  1182033.62  0.00000000
1239  1194905.12  0.00000000
1240  1207916.75  0.00000000
1241  1221070.12  0.00000000
1242  1234366.75  0.00000000
1243  1247808.12  0.00000000
1244  1261395.88  0.00000000
1245  1275131.62  0.00000000
1246  1289016.88  0.00000000
1247  1303053.38  0.00000000
1248  1317242.75  0.00000000
1249  1331586.62  0.00000000
1250  1346086.62  0.00000000